The initial colony:

  1 1 0 0 1 1 1 1 0 0
  1 1 0 0 0 0 0 1 1 0
  0 0 0 1 1 1 0 1 1 1
  0 0 1 1 1 1 0 1 1 1
  0 0 0 1 1 1 1 0 1 0
  0 0 0 0 0 0 0 0 0 1
  1 0 1 0 0 0 0 1 1 0
  1 1 1 1 1 0 0 1 0 1
  0 0 1 1 1 1 1 1 0 0
  1 0 1 1 1 1 1 0 1 0

Generation: 1

  0 1 0 0 0 0 1 1 1 0
  1 0 0 0 1 1 1 1 1 1
  0 0 1 1 1 0 1 1 1 1
  0 0 0 1 0 1 1 1 1 1
  0 0 0 1 1 1 0 1 1 1
  0 0 0 0 0 0 0 1 1 0
  0 1 0 1 0 0 0 0 1 1
  0 1 1 1 1 1 1 1 1 0
  1 1 1 0 1 1 1 1 1 0
  0 1 1 0 0 0 1 1 0 0

Generation: 2

  1 0 0 0 0 1 1 0 1 0
  0 0 0 1 0 1 1 0 1 1
  0 0 0 1 1 1 1 0 0 0
  0 0 1 1 1 1 1 1 0 0
  0 0 0 0 1 0 1 1 1 1
  0 0 0 0 1 0 0 1 1 0
  0 0 1 0 1 0 1 1 1 1
  1 1 1 1 1 1 1 1 1 1
  1 1 1 1 1 1 1 1 1 0
  0 1 1 1 0 1 1 1 1 0

Generation: 3

  0 0 0 0 1 1 1 1 0 0
  0 0 0 0 1 1 1 1 0 0
  0 0 1 1 1 1 1 1 0 0
  0 0 0 1 1 1 1 1 1 0
  0 0 0 1 1 1 1 1 1 0
  0 0 0 1 0 1 1 1 1 0
  0 1 0 1 1 1 1 1 1 1
  1 1 1 1 1 1 1 0 1 1
  1 1 0 1 1 1 0 0 1 1
  0 1 0 1 0 1 0 0 1 1

Generation: 4

  0 0 0 0 1 0 0 1 0 0
  0 0 0 1 1 0 0 1 0 0
  0 0 0 1 1 0 0 1 1 0
  0 0 1 1 0 0 0 1 1 0
  0 0 0 1 1 1 0 0 1 1
  0 0 1 1 0 1 0 0 1 1
  1 0 1 1 1 1 1 1 1 1
  1 1 1 1 0 1 1 1 1 0
  1 1 1 1 1 1 1 1 1 0
  0 0 1 0 0 0 0 0 1 0

Generation: 5

  0 0 0 1 0 0 0 0 0 0
  0 0 0 1 1 0 0 0 1 0
  0 0 1 1 1 0 0 1 1 0
  0 0 0 1 1 0 0 1 1 1
  0 0 1 1 1 0 0 1 1 1
  0 0 1 1 0 1 1 1 1 0
  0 1 1 1 1 1 1 1 1 1
  1 1 1 1 0 1 0 0 1 1
  1 1 1 1 1 1 1 1 1 1
  1 1 1 1 1 1 1 1 0 1

Generation: 6

  0 0 0 0 1 0 0 0 0 0
  0 0 1 1 1 0 0 0 0 0
  0 0 0 1 1 0 0 1 1 1
  0 0 1 1 1 0 0 1 1 1
  0 0 1 1 1 1 1 1 1 1
  0 1 1 1 1 1 1 1 1 0
  1 1 1 1 1 1 1 1 1 1
  1 1 0 1 0 1 1 1 1 0
  0 0 0 1 1 1 1 1 1 1
  0 0 0 0 0 0 0 1 0 1

Generation: 7

  0 0 0 1 0 0 0 0 0 0
  0 0 0 1 1 0 0 0 0 0
  0 0 1 1 1 0 0 0 1 1
  0 0 1 1 1 1 1 1 0 0
  0 1 1 0 1 1 1 1 1 1
  1 1 1 0 0 0 0 0 1 0
  1 1 1 1 1 1 0 0 1 1
  1 1 1 1 0 1 0 0 1 0
  0 0 0 0 1 1 1 1 1 1
  0 0 0 0 1 1 1 1 0 1

Generation: 8

  0 0 0 0 1 0 0 0 0 0
  0 0 1 1 1 0 0 0 0 0
  0 0 1 1 1 1 0 0 0 0
  0 1 1 1 1 1 1 1 1 1
  1 1 1 1 1 1 1 1 1 0
  1 1 1 1 1 1 1 1 1 0
  0 0 1 1 1 0 0 0 0 1
  1 1 1 1 1 1 1 1 1 0
  0 0 0 1 1 1 1 1 1 1
  0 0 0 0 1 0 0 1 0 1

Generation: 9

  0 0 0 1 0 0 0 0 0 0
  0 0 0 1 1 1 0 0 0 0
  0 1 1 0 1 1 1 0 0 0
  1 1 1 0 0 1 1 1 1 0
  1 1 0 0 0 0 0 0 1 1
  1 1 1 0 1 1 1 1 1 1
  1 1 1 0 1 1 1 1 1 0
  0 0 1 1 1 1 1 1 1 1
  0 0 1 1 1 1 1 1 1 1
  0 0 0 1 1 1 1 1 0 1

Generation: 10

  0 0 0 0 1 0 0 0 0 0
  0 0 1 1 1 1 0 0 0 0
  1 1 1 1 1 1 1 1 0 0
  1 1 1 0 0 1 1 1 0 1
  0 1 1 0 0 1 1 1 1 1
  0 1 1 1 0 1 1 1 1 1
  1 1 1 1 1 0 0 0 1 0
  0 1 1 1 1 0 0 0 1 1
  0 0 1 1 0 0 0 1 1 1
  0 0 1 1 0 0 0 1 0 1

Generation: 11

  0 0 0 1 1 1 0 0 0 0
  0 1 1 1 1 1 1 0 0 0
  1 1 1 1 1 1 1 0 0 0
  1 1 1 1 1 1 0 1 1 0
  1 1 1 1 1 1 0 1 1 1
  1 1 1 1 1 1 1 1 1 1
  1 1 0 1 1 1 0 1 1 0
  1 1 1 1 1 0 0 1 1 1
  0 1 1 1 1 0 0 0 1 1
  0 0 1 1 0 0 0 0 0 1

Generation: 12

  0 0 1 1 0 1 1 0 0 0
  1 1 1 1 0 1 1 0 0 0
  1 1 0 0 0 1 1 1 0 0
  0 0 0 0 0 1 1 1 1 1
  0 0 0 0 0 1 1 1 1 1
  0 1 1 1 0 1 1 1 1 1
  0 1 0 1 1 1 1 1 1 0
  1 1 1 1 1 1 0 1 1 1
  1 1 1 1 1 0 0 0 1 1
  0 1 1 1 1 0 0 0 1 1

Generation: 13

  1 1 1 1 1 1 1 0 0 0
  1 1 1 0 1 1 1 1 0 0
  1 1 1 0 1 1 1 1 1 0
  0 0 0 0 0 1 0 1 1 1
  0 0 0 0 1 1 0 0 0 0
  0 0 1 0 1 1 0 0 1 1
  1 1 0 1 1 1 1 1 1 0
  1 1 1 1 1 1 1 1 1 1
  1 1 0 0 1 1 0 1 1 0
  0 1 0 0 1 0 0 0 1 0

Generation: 14

  0 0 1 1 1 0 1 1 0 0
  0 0 1 1 1 0 1 1 0 0
  1 1 0 1 1 1 1 1 1 1
  0 0 0 0 1 1 1 1 1 0
  0 0 0 0 1 1 1 0 1 1
  0 0 0 1 1 1 1 1 0 0
  1 1 1 1 1 1 1 1 1 0
  0 1 1 1 1 1 1 1 1 1
  1 1 1 1 1 1 1 1 1 1
  0 0 0 0 0 1 0 1 0 1

Generation: 15

  0 0 1 0 1 1 1 1 0 0
  0 1 1 1 1 1 1 1 1 0
  0 0 1 1 1 1 1 1 1 0
  0 0 0 1 1 0 1 1 1 0
  0 0 0 1 1 0 1 1 1 0
  0 0 1 1 1 0 1 1 1 1
  0 1 1 1 0 0 0 1 1 1
  0 1 0 0 0 0 0 0 1 1
  0 1 1 1 1 1 1 1 1 1
  1 1 1 1 1 1 0 1 0 1

Generation: 16

  0 1 1 0 1 0 0 1 1 0
  0 0 1 1 1 0 0 1 1 0
  0 0 1 1 1 1 1 0 1 1
  0 0 1 1 1 1 1 0 1 1
  0 0 1 1 1 1 1 0 1 1
  0 0 1 1 1 1 1 1 1 1
  0 0 1 1 0 0 0 1 1 0
  1 1 1 1 1 0 1 1 1 0
  1 1 1 1 1 1 1 1 1 1
  1 1 0 0 0 1 0 1 0 1

Generation: 17

  0 0 1 0 0 0 0 1 1 1
  0 1 1 1 1 1 1 1 1 1
  0 0 1 0 1 1 1 1 1 1
  0 0 1 0 0 0 1 1 1 0
  0 0 1 0 0 0 1 1 1 0
  0 0 1 1 1 1 1 1 1 1
  0 1 1 1 1 1 1 1 1 1
  1 1 1 1 1 1 1 1 1 1
  0 1 1 1 1 1 1 1 1 1
  0 1 1 1 1 1 0 1 0 1

Generation: 18

  0 1 1 1 1 1 1 1 0 0
  0 0 1 1 1 1 1 1 0 0
  0 1 1 1 1 1 1 0 1 1
  0 0 0 1 0 1 1 0 1 1
  0 0 0 1 0 1 1 0 1 1
  0 1 1 1 1 1 1 0 1 1
  1 1 1 0 0 0 0 0 0 0
  1 1 0 0 0 0 0 0 0 0
  1 1 0 0 0 1 1 1 1 1
  1 1 0 0 0 1 0 1 0 1

Generation: 19

  0 0 1 0 0 0 0 1 0 0
  0 1 1 0 0 0 1 1 1 0
  0 0 1 1 1 1 1 1 1 1
  0 0 1 1 1 1 1 1 1 0
  0 0 1 1 1 1 1 1 1 0
  1 1 1 1 1 1 0 1 0 1
  1 1 1 1 0 0 0 0 0 0
  0 1 1 0 0 0 0 0 0 0
  0 1 0 0 0 0 1 0 1 0
  0 1 0 0 0 0 0 1 0 1

Generation: 20

  0 1 0 0 0 0 1 1 1 0
  0 0 1 1 0 1 1 1 1 1
  0 1 1 1 1 1 1 0 1 1
  0 0 1 0 0 0 0 0 1 1
  0 1 1 0 0 1 1 1 1 1
  1 1 1 1 1 1 1 0 1 0
  1 1 1 1 1 0 0 0 0 0
  1 1 1 0 0 0 0 0 0 0
  1 0 1 0 0 0 0 0 0 0
  1 0 0 0 0 0 0 0 1 0

Generation: 21

  0 0 1 0 0 1 1 0 1 0
  0 1 1 1 1 1 1 1 1 1
  0 0 1 1 1 1 1 1 1 0
  0 1 1 1 1 1 1 1 1 0
  1 1 1 1 1 1 1 1 1 1
  1 1 1 1 1 1 1 1 0 1
  0 0 1 1 1 1 0 0 0 0
  1 1 1 1 0 0 0 0 0 0
  1 1 0 0 0 0 0 0 0 0
  0 1 0 0 0 0 0 0 0 0

Generation: 22

  0 1 1 1 1 1 1 0 1 0
  0 0 1 1 1 1 1 1 1 1
  0 1 1 0 0 0 0 0 1 1
  1 1 1 0 0 0 0 0 1 1
  1 1 0 0 0 0 0 1 1 1
  1 1 1 0 0 1 1 1 1 0
  1 1 1 1 1 1 1 0 0 0
  1 1 1 1 1 0 0 0 0 0
  1 1 1 0 0 0 0 0 0 0
  0 0 0 0 0 0 0 0 0 0

Generation: 23

  0 0 1 0 0 0 1 0 1 0
  0 1 1 1 1 1 1 1 1 1
  1 1 1 1 0 0 0 1 1 0
  1 1 1 0 0 0 0 1 1 0
  0 1 1 0 0 0 1 1 1 1
  0 1 1 1 1 1 1 1 1 1
  0 0 1 1 1 1 1 1 0 0
  0 0 1 1 1 1 0 0 0 0
  1 1 1 1 0 0 0 0 0 0
  1 1 0 0 0 0 0 0 0 0

Generation: 24

  0 1 1 1 1 1 1 0 1 0
  1 1 1 1 0 0 1 1 1 1
  1 1 1 1 1 0 1 1 1 1
  1 1 1 1 0 0 1 1 1 1
  1 1 1 1 0 1 1 1 1 1
  0 1 1 1 1 1 1 1 1 1
  0 1 1 0 0 1 1 1 1 0
  0 1 1 1 1 1 1 0 0 0
  1 1 1 1 1 0 0 0 0 0
  0 1 1 0 0 0 0 0 0 0

Generation: 25

  0 1 0 1 1 1 1 0 1 0
  1 1 0 1 1 1 1 1 1 1
  0 0 0 1 0 1 1 0 0 0
  0 0 0 1 1 1 1 0 0 0
  1 1 0 1 1 1 1 0 0 0
  1 1 1 1 1 1 0 0 1 1
  1 1 1 1 1 1 1 1 1 1
  1 1 1 1 1 1 1 1 0 0
  1 1 1 1 1 1 0 0 0 0
  0 1 1 1 0 0 0 0 0 0

Generation: 26

  0 0 1 1 0 0 1 0 1 0
  0 0 1 1 1 1 1 1 0 0
  0 0 1 1 0 1 1 1 0 0
  0 0 1 1 1 1 1 0 0 0
  1 1 1 1 0 1 1 0 0 0
  0 1 1 1 0 1 1 1 1 1
  0 0 0 0 0 1 1 1 1 1
  0 0 0 0 0 1 1 1 1 0
  1 1 0 1 1 1 1 0 0 0
  0 1 0 1 1 0 0 0 0 0

Generation: 27

  0 0 1 1 1 1 1 1 0 0
  0 0 1 1 1 1 1 1 0 0
  0 0 1 1 0 1 1 1 0 0
  0 1 1 1 1 1 1 1 0 0
  0 1 1 1 1 1 1 1 0 0
  1 1 1 0 1 1 1 1 1 1
  0 0 0 0 1 1 0 0 1 1
  0 0 0 0 1 1 1 1 1 1
  0 0 1 0 1 1 1 1 0 0
  0 0 1 1 1 1 0 0 0 0

Generation: 28

  0 0 1 0 0 0 0 1 0 0
  0 0 1 1 1 1 0 1 0 0
  0 1 1 1 0 1 0 1 0 0
  0 1 1 1 1 1 0 1 0 0
  1 1 1 1 1 0 0 1 1 0
  0 1 1 1 1 1 1 1 1 1
  0 0 0 1 1 1 1 1 1 0
  0 0 0 1 1 1 1 1 1 1
  0 0 0 1 1 1 1 1 1 0
  0 0 0 1 1 1 1 0 0 0

Generation: 29

  0 0 0 1 1 0 1 0 0 0
  0 1 1 1 1 0 1 0 0 0
  0 1 1 1 0 1 1 0 0 0
  1 1 0 1 1 0 1 0 1 0
  1 1 0 0 1 1 1 1 1 1
  1 1 1 1 1 1 1 1 1 1
  0 0 1 1 0 0 0 0 1 0
  0 0 0 1 0 0 0 0 1 1
  0 0 0 1 0 0 1 1 1 1
  0 0 0 1 0 0 1 1 0 0

Generation: 30

  0 0 1 1 1 1 0 0 0 0
  0 0 1 1 1 1 0 0 0 0
  1 1 1 1 1 1 0 1 0 0
  1 1 1 1 1 1 1 1 0 1
  0 1 1 1 1 1 1 1 1 1
  1 1 1 1 1 1 1 1 1 1
  0 1 1 1 1 0 0 1 1 0
  0 0 1 0 0 0 0 1 1 1
  0 0 0 0 0 0 0 1 1 1
  0 0 0 0 0 0 1 1 1 1

Generation: 31

  0 0 1 0 0 1 0 0 0 0
  0 1 1 0 0 1 1 0 0 0
  1 1 1 0 0 1 1 0 0 0
  1 1 0 0 0 1 1 1 1 0
  0 1 0 0 0 0 0 1 1 1
  1 1 0 0 1 1 1 1 1 1
  1 1 1 1 1 1 1 1 1 0
  0 0 0 1 0 0 0 1 1 1
  0 0 0 0 0 0 1 1 0 0
  0 0 0 0 0 0 0 1 0 0

Generation: 32

  0 1 0 0 0 0 1 0 0 0
  1 1 1 0 0 1 1 0 0 0
  1 1 1 0 0 1 1 1 0 0
  1 1 1 0 0 0 1 1 1 1
  0 1 0 0 0 1 1 1 1 1
  1 1 1 1 1 1 1 1 1 1
  1 1 1 1 1 1 1 1 1 0
  0 0 1 0 1 1 1 1 1 0
  0 0 0 0 0 0 0 1 1 0
  0 0 0 0 0 0 1 0 0 0

Generation: 33

  0 1 1 0 0 1 0 0 0 0
  1 1 1 0 0 1 1 1 0 0
  0 0 1 0 0 1 1 1 1 0
  1 1 1 0 0 1 1 1 1 1
  0 1 1 1 1 1 1 0 0 0
  1 1 1 1 1 1 0 0 1 1
  1 1 1 1 1 0 0 0 1 1
  0 1 0 1 1 1 1 1 1 1
  0 0 0 0 0 1 1 1 0 0
  0 0 0 0 0 0 0 1 0 0

Generation: 34

  0 1 1 0 0 0 1 0 0 0
  0 1 1 0 0 1 1 1 0 0
  1 1 1 0 0 1 0 1 1 1
  0 1 1 1 1 1 1 1 1 0
  0 1 1 1 1 1 1 1 1 1
  1 1 0 0 1 1 0 0 0 1
  1 1 1 1 1 1 1 1 1 0
  1 0 1 1 1 1 1 1 1 1
  0 0 0 0 1 1 1 1 1 0
  0 0 0 0 0 0 1 0 0 0

Generation: 35

  1 1 1 0 0 1 1 1 0 0
  1 1 1 0 0 0 1 1 1 0
  1 1 1 1 1 1 0 1 1 0
  1 1 1 1 1 1 1 1 1 0
  1 1 1 1 1 1 1 1 1 1
  1 1 1 1 1 1 1 1 1 1
  1 1 1 1 1 1 1 1 1 1
  0 1 1 1 1 0 0 0 1 1
  0 0 0 1 1 1 1 1 1 1
  0 0 0 0 0 1 1 1 0 0

Generation: 36

  0 0 1 0 0 0 1 1 1 0
  0 0 1 1 1 1 1 1 1 0
  0 0 1 1 1 1 1 1 1 1
  0 0 0 0 0 1 1 1 1 1
  0 0 0 0 0 0 0 0 1 1
  0 0 0 0 0 0 0 0 0 0
  1 1 0 0 1 1 1 1 1 0
  1 1 1 1 1 1 1 1 1 0
  0 0 1 1 1 1 1 1 1 1
  0 0 0 0 1 1 0 1 1 1

Generation: 37

  0 0 0 1 1 1 1 0 1 1
  0 0 1 1 1 1 1 0 1 1
  0 0 0 1 1 1 0 0 1 1
  0 0 0 0 1 1 1 1 1 0
  0 0 0 0 0 0 0 1 1 1
  0 0 0 0 0 0 0 1 1 1
  1 1 1 1 1 1 1 1 0 0
  1 1 1 1 1 0 0 0 1 1
  0 1 1 1 1 1 1 1 1 1
  0 0 0 1 1 1 0 1 0 0

Generation: 38

  0 0 1 1 0 0 1 1 1 0
  0 0 0 1 0 1 1 1 1 0
  0 0 0 1 1 1 1 1 1 1
  0 0 0 0 1 1 1 1 1 0
  0 0 0 0 0 0 1 1 1 1
  0 0 0 0 0 0 1 1 1 1
  1 1 1 1 1 0 0 1 1 1
  1 1 0 0 1 1 1 1 1 1
  1 1 1 1 1 1 1 1 1 1
  0 0 1 1 0 1 0 1 1 1

Generation: 39

  0 0 0 0 1 1 1 0 1 1
  0 0 1 1 1 1 1 0 1 1
  0 0 0 0 1 1 0 0 1 1
  0 0 0 0 1 1 1 0 1 0
  0 0 0 0 0 1 1 0 1 1
  0 0 0 0 0 0 1 1 0 0
  1 1 0 0 0 1 1 1 0 0
  0 1 1 1 1 1 1 1 0 0
  1 1 1 1 1 1 1 1 0 0
  1 1 1 1 0 1 0 1 0 0

Generation: 40

  0 0 0 1 1 0 1 1 1 0
  0 0 0 1 1 1 1 1 1 0
  0 0 0 1 1 1 1 1 1 1
  0 0 0 0 1 1 1 1 1 0
  0 0 0 0 0 1 1 1 0 0
  0 0 0 0 0 1 1 1 1 0
  0 0 1 0 1 1 1 1 0 0
  0 1 1 1 1 1 0 1 0 0
  1 1 0 1 1 1 1 1 0 0
  0 0 0 1 0 1 0 0 0 0

Generation: 41

  0 0 0 1 1 0 1 0 1 1
  0 0 0 1 1 1 1 0 1 1
  0 0 0 1 1 0 0 0 1 1
  0 0 0 0 1 1 0 1 1 1
  0 0 0 0 1 1 0 1 1 0
  0 0 0 0 1 1 0 1 0 0
  0 0 0 1 1 1 1 1 1 0
  1 1 1 1 1 1 0 1 0 0
  0 0 1 1 1 1 1 0 0 0
  1 0 1 0 0 1 1 0 0 0

Generation: 42

  0 0 0 1 1 0 0 1 1 0
  0 0 0 1 1 1 0 1 1 0
  0 0 0 1 1 1 1 1 1 0
  0 0 0 1 1 1 1 1 1 1
  0 0 0 0 1 1 1 1 1 1
  0 0 0 1 1 1 1 1 1 0
  0 0 1 1 1 1 1 1 0 0
  0 0 1 1 0 1 1 1 0 0
  1 1 1 1 1 1 1 0 0 0
  0 1 0 1 1 1 1 0 0 0

Generation: 43

  0 0 0 1 1 1 1 1 1 1
  0 0 0 1 1 1 1 1 1 1
  0 0 0 1 0 1 1 1 1 1
  0 0 0 1 1 0 0 0 1 1
  0 0 0 1 1 0 0 0 1 1
  0 0 0 1 1 0 0 1 1 1
  0 0 1 1 1 1 0 1 1 0
  0 1 1 1 0 1 1 1 0 0
  0 1 1 1 1 1 1 1 0 0
  0 1 0 1 0 0 1 0 0 0

Generation: 44

  0 0 0 1 0 0 0 0 0 0
  0 0 0 1 1 1 0 0 0 0
  0 0 0 1 1 1 1 1 1 0
  0 0 0 1 1 1 0 1 1 0
  0 0 0 1 1 0 0 1 1 0
  0 0 1 1 1 1 0 1 1 1
  0 0 1 1 1 1 1 1 1 1
  0 1 1 1 0 1 1 1 1 0
  1 1 1 1 1 1 1 1 0 0
  1 0 0 1 1 1 1 1 0 0

Generation: 45

  0 0 0 0 1 0 0 0 0 0
  0 0 0 1 1 1 1 0 0 0
  0 0 0 1 0 1 1 1 0 0
  0 0 0 1 1 1 1 1 1 1
  0 0 1 1 1 1 1 1 1 1
  0 0 1 1 1 1 1 1 1 1
  0 1 1 1 1 1 1 1 1 1
  1 1 1 1 0 1 0 1 1 1
  1 1 1 1 1 1 0 1 1 0
  1 1 1 1 0 0 0 1 0 0

Generation: 46

  0 0 0 1 1 1 0 0 0 0
  0 0 0 0 1 1 1 0 0 0
  0 0 0 1 0 1 1 1 1 0
  0 0 1 1 1 1 0 1 1 1
  0 0 1 1 0 0 0 0 0 0
  0 1 1 0 0 0 0 0 0 0
  1 1 1 1 1 1 1 1 0 0
  1 1 0 1 0 1 1 1 1 1
  0 0 0 1 1 0 1 1 1 1
  0 0 0 1 1 0 1 0 1 0

Generation: 47

  0 0 0 0 1 1 1 0 0 0
  0 0 0 1 1 1 1 1 0 0
  0 0 0 1 1 1 1 1 1 1
  0 0 1 1 1 0 1 1 1 0
  0 1 1 1 1 0 0 0 0 0
  1 1 1 1 1 0 0 0 0 0
  1 1 1 1 1 1 1 1 1 0
  1 1 1 1 1 1 1 1 1 1
  0 0 1 1 1 1 1 1 1 1
  0 0 0 1 1 1 0 0 1 0

Generation: 48

  0 0 0 1 1 0 1 1 0 0
  0 0 0 1 1 0 1 1 1 0
  0 0 1 1 1 1 1 1 1 0
  0 0 1 1 1 1 1 1 1 1
  1 1 1 0 1 1 0 0 0 0
  1 1 0 0 1 1 0 0 0 0
  0 0 0 0 1 1 1 1 1 1
  1 1 1 0 0 0 0 0 1 1
  0 1 1 1 0 1 1 1 1 1
  0 0 1 1 0 1 1 1 1 0

Generation: 49

  0 0 0 1 1 1 1 1 1 0
  0 0 1 1 1 1 1 1 1 0
  0 0 1 1 1 1 1 0 1 1
  0 1 1 1 1 1 1 1 1 0
  1 1 1 1 1 1 1 0 0 0
  1 1 0 1 1 1 1 0 0 0
  1 1 0 0 0 1 0 0 1 1
  0 1 1 1 1 1 1 1 1 0
  1 1 1 1 1 0 1 1 1 1
  0 1 1 1 1 1 0 0 1 0

Generation: 50

  0 0 1 1 0 0 0 0 1 1
  0 0 1 1 0 0 1 1 1 1
  0 1 1 0 0 0 1 0 1 1
  1 1 1 0 0 0 1 1 0 1
  1 1 1 1 0 0 1 1 0 0
  0 1 1 1 1 1 1 0 0 0
  1 1 1 1 1 1 1 1 0 0
  0 1 1 1 1 1 1 1 1 0
  1 1 0 0 1 1 1 1 1 1
  0 1 0 0 1 1 1 1 1 0

Generation: 51

  0 0 1 1 0 0 0 1 1 0
  0 1 1 1 0 0 0 1 1 0
  1 1 1 1 0 0 1 1 1 1
  1 1 1 1 0 0 1 1 1 0
  1 1 1 1 1 1 1 1 0 0
  0 1 0 1 1 1 1 1 0 0
  1 1 0 0 0 0 1 1 0 0
  0 1 1 1 1 0 0 1 1 1
  1 1 1 1 1 0 0 0 1 1
  0 0 0 0 1 0 0 0 1 0

Generation: 52

  0 1 1 1 0 0 0 1 1 1
  1 1 1 1 0 0 1 1 1 1
  1 1 0 1 0 0 1 1 1 1
  0 0 0 1 1 1 1 1 1 1
  1 1 1 1 1 1 1 1 1 0
  0 1 1 1 1 1 1 1 0 0
  1 1 1 1 1 1 1 1 1 0
  0 1 1 1 0 0 0 1 1 1
  0 1 1 1 1 0 0 1 1 1
  1 1 1 1 0 0 0 0 0 0

Generation: 53

  0 1 0 1 0 0 1 1 0 0
  1 1 1 1 0 0 1 1 0 0
  1 1 1 1 1 1 1 0 0 0
  1 1 1 1 1 1 1 0 1 1
  0 1 1 1 0 0 0 1 1 1
  0 1 0 0 0 0 0 1 1 0
  1 1 0 1 1 1 1 1 1 1
  1 1 0 1 1 1 1 1 1 1
  1 1 0 1 0 0 0 0 1 1
  1 1 0 1 1 0 0 0 1 1

Generation: 54

  0 1 0 0 0 0 1 1 0 0
  1 1 1 1 1 1 1 1 0 0
  0 0 0 1 1 1 1 1 0 0
  1 1 0 1 1 1 1 1 1 1
  1 1 1 1 1 0 1 1 1 1
  1 1 1 1 1 0 1 1 1 0
  1 1 1 0 1 1 1 1 1 1
  0 1 1 1 1 1 1 1 1 0
  0 1 1 1 1 1 0 1 1 0
  0 1 1 0 0 0 0 0 1 0

Generation: 55

  0 1 1 1 1 1 1 1 0 0
  0 0 1 1 1 1 1 1 0 0
  1 1 1 1 0 0 0 1 1 0
  1 1 1 1 1 1 1 1 1 1
  0 1 1 1 1 1 1 0 1 1
  0 0 1 1 1 1 1 0 1 0
  1 1 1 0 1 1 1 0 1 1
  1 1 1 1 1 1 1 1 1 1
  1 1 1 1 1 1 1 1 1 1
  1 1 1 1 1 0 0 1 0 1

Generation: 56

  0 0 1 0 0 0 0 1 0 0
  1 1 1 1 1 1 1 1 1 0
  1 1 1 1 1 1 1 1 1 1
  1 1 0 1 1 1 1 1 1 1
  1 1 1 0 0 0 1 1 1 1
  1 1 1 1 1 0 1 1 1 0
  1 1 1 0 1 0 1 1 1 1
  0 0 1 1 1 0 1 1 1 0
  0 0 0 0 1 1 1 1 1 1
  0 0 0 0 1 1 1 1 0 1

Generation: 57

  1 1 1 1 1 1 1 1 1 0
  1 1 1 1 1 1 1 1 1 1
  0 1 1 1 0 0 0 0 1 1
  0 1 1 1 1 1 1 0 0 0
  0 1 1 1 1 1 1 0 1 1
  0 0 1 1 0 1 1 0 1 0
  1 1 1 0 1 1 1 0 1 1
  0 1 0 1 1 1 1 0 1 0
  0 0 0 1 1 1 1 1 1 1
  0 0 0 0 1 0 0 1 0 1

Generation: 58

  0 0 0 0 0 0 0 0 1 0
  1 1 0 1 1 1 1 1 1 1
  1 1 0 1 1 1 1 1 1 1
  1 1 0 1 1 1 0 1 1 1
  0 1 1 1 1 1 1 1 0 0
  1 1 1 1 1 1 1 1 1 0
  0 1 1 1 1 1 1 1 0 1
  1 0 1 1 1 0 1 1 1 0
  0 0 0 1 1 1 1 1 1 1
  0 0 0 1 1 1 1 1 0 1

Generation: 59

  1 0 0 0 1 1 1 1 1 0
  1 0 1 0 1 1 1 1 1 1
  0 1 1 1 0 1 1 1 0 0
  1 1 1 1 0 1 0 1 1 1
  0 1 1 1 0 1 1 1 1 1
  1 1 0 0 0 0 0 1 1 0
  1 1 1 0 1 1 1 1 1 0
  0 1 1 1 1 0 1 1 1 1
  0 0 1 1 1 1 1 1 1 1
  0 0 0 1 0 0 0 1 0 1

Generation: 60

  0 1 0 1 1 0 0 0 1 0
  0 1 0 1 1 1 0 1 1 0
  1 1 1 1 1 1 1 1 1 1
  1 1 0 1 1 1 0 1 1 1
  0 1 1 0 1 0 1 1 1 1
  1 1 1 1 1 1 1 1 1 1
  1 1 1 1 0 1 1 1 1 1
  1 1 1 1 1 0 1 0 1 1
  0 0 1 1 1 1 1 1 1 1
  0 0 1 1 1 1 1 1 0 1

Generation: 61

  1 0 1 1 1 1 0 1 0 1
  1 1 1 1 1 1 1 1 1 1
  1 1 1 1 0 1 1 1 1 1
  1 1 1 1 1 1 1 1 0 0
  0 1 1 1 1 1 1 1 0 0
  1 1 1 1 1 1 1 0 0 0
  0 0 0 1 1 1 1 1 1 0
  1 1 1 1 1 1 1 0 1 0
  0 1 1 0 1 1 1 1 1 1
  0 0 1 0 0 0 0 1 0 1

Generation: 62

  1 0 1 0 0 1 0 1 0 1
  1 1 1 1 1 1 1 1 1 1
  0 0 0 1 0 1 0 1 1 1
  1 1 0 1 1 1 0 1 1 0
  0 1 0 0 0 0 1 1 0 0
  0 1 1 1 0 0 1 1 0 0
  1 1 1 1 0 0 1 1 0 0
  0 1 1 1 1 0 1 0 1 1
  1 1 1 1 1 1 1 1 1 1
  0 1 0 1 0 1 1 1 0 1

Generation: 63

  1 0 1 1 1 1 0 1 0 1
  0 1 1 1 1 1 1 1 1 1
  1 1 1 1 0 1 1 1 1 1
  0 0 1 0 1 0 1 1 1 1
  1 1 1 1 1 1 1 1 1 0
  1 1 1 0 0 0 1 1 0 0
  1 1 0 1 1 1 1 1 1 0
  0 1 0 1 1 1 1 1 1 1
  1 1 1 1 1 1 1 1 1 1
  0 1 0 1 0 1 0 1 0 1

Generation: 64

  0 1 1 0 0 1 0 1 0 1
  1 1 1 1 1 1 1 1 1 1
  0 1 1 1 1 1 1 0 0 0
  1 1 1 1 1 1 1 0 1 1
  1 1 1 1 0 1 1 1 1 1
  0 1 1 1 1 1 1 1 1 0
  1 1 1 1 1 1 1 1 1 1
  0 1 1 1 0 0 0 0 1 1
  1 1 1 1 1 1 1 1 1 1
  0 1 0 1 0 1 0 1 0 1

Generation: 65

  0 1 1 1 1 1 0 1 0 1
  1 1 1 1 1 1 1 1 1 0
  0 1 0 0 0 0 1 1 1 1
  1 1 0 1 1 1 1 1 1 1
  1 1 0 1 0 1 1 1 1 1
  0 1 0 1 1 1 0 0 1 0
  1 1 0 1 1 1 1 1 1 1
  0 1 0 1 1 1 1 1 1 0
  1 1 1 1 1 0 1 1 1 1
  0 1 0 1 0 1 0 1 0 1

Generation: 66

  0 1 0 0 0 1 0 1 1 0
  1 1 1 1 1 1 1 1 1 1
  0 1 1 1 1 1 1 0 1 1
  1 1 1 0 1 1 1 0 0 0
  1 1 1 1 0 1 1 1 1 1
  0 1 1 1 1 1 1 1 1 0
  1 0 1 1 0 1 1 1 1 1
  0 1 1 1 1 1 1 0 1 0
  1 1 1 1 1 1 1 1 1 1
  0 1 0 1 1 0 1 1 0 1

Generation: 67

  0 1 1 1 1 1 0 1 1 0
  1 1 1 1 1 1 1 1 1 1
  0 1 1 1 1 0 1 1 1 1
  1 1 1 1 1 1 1 1 1 1
  1 1 1 1 1 1 1 1 1 0
  1 1 1 1 1 1 0 0 1 0
  0 1 1 1 0 1 1 1 1 1
  1 1 1 1 1 1 1 0 1 0
  1 1 1 1 1 1 1 1 1 1
  0 1 0 1 1 0 1 1 0 1

Generation: 68

  0 1 0 0 0 1 0 1 1 0
  1 1 0 0 1 1 1 1 1 1
  0 1 0 0 1 0 1 0 0 0
  1 1 0 0 1 1 1 0 1 1
  0 0 0 0 0 1 1 1 1 1
  1 1 0 1 1 1 1 1 1 1
  0 1 0 1 0 1 1 1 1 1
  1 1 0 1 1 1 1 0 1 0
  1 1 1 1 1 1 1 1 1 1
  0 1 0 1 1 0 1 1 0 1

Generation: 69

  0 0 0 0 1 1 0 1 1 0
  1 0 0 0 0 1 1 1 1 0
  0 1 0 0 1 0 1 1 1 1
  0 0 0 0 0 1 1 1 1 1
  1 1 0 0 1 1 1 1 1 0
  0 0 1 0 1 1 0 0 0 0
  0 1 1 1 0 1 1 1 1 1
  1 1 1 1 1 1 1 0 1 0
  1 1 1 1 1 1 1 1 1 1
  0 1 0 1 1 0 1 1 0 1

Generation: 70

  0 0 0 0 0 1 0 1 1 1
  0 0 0 0 1 1 1 1 1 1
  0 0 0 0 0 1 1 0 1 1
  1 0 0 0 1 1 1 0 1 1
  0 0 0 0 1 1 1 1 1 1
  1 1 1 1 1 1 1 1 1 1
  1 1 1 1 1 1 1 1 0 0
  1 1 0 1 1 1 1 0 1 0
  1 1 1 1 1 1 1 1 1 1
  0 1 0 1 1 0 1 1 0 1

Generation: 71

  0 0 0 0 1 1 0 1 0 0
  0 0 0 0 0 1 1 1 1 0
  0 0 0 0 1 1 1 1 1 0
  0 0 0 0 1 1 1 1 1 0
  1 1 0 1 1 0 1 1 1 0
  1 1 1 1 1 0 0 1 1 1
  0 1 1 1 0 0 1 1 1 1
  0 1 0 1 0 0 1 1 1 1
  1 1 1 1 1 1 1 1 1 1
  0 1 0 1 1 0 1 1 0 1

Generation: 72

  0 0 0 0 0 1 0 1 1 0
  0 0 0 0 1 1 1 1 1 0
  0 0 0 0 1 1 0 0 1 1
  0 0 0 1 1 1 1 0 1 1
  1 1 1 1 1 1 1 1 1 1
  1 1 1 1 1 1 1 1 1 1
  1 1 1 1 1 0 1 1 0 0
  1 1 0 1 1 1 1 0 0 0
  1 1 1 1 1 1 1 1 1 1
  0 1 0 1 1 0 1 1 0 1

Generation: 73

  0 0 0 0 1 1 0 1 1 1
  0 0 0 0 1 1 1 1 1 1
  0 0 0 1 1 1 1 1 1 1
  0 0 1 1 1 1 1 1 1 0
  1 1 1 1 0 0 1 1 1 0
  0 0 0 0 1 1 1 1 1 1
  0 1 1 1 1 0 1 1 1 0
  0 1 0 1 1 1 1 1 1 0
  1 1 1 1 1 1 1 1 1 0
  0 1 0 1 1 0 1 1 0 1

Generation: 74

  0 0 0 0 1 1 0 1 0 0
  0 0 0 1 1 1 1 1 0 0
  0 0 0 1 1 0 0 0 1 1
  0 1 1 1 1 1 1 0 1 1
  0 0 1 1 1 1 1 0 1 1
  1 1 1 1 1 1 1 0 1 1
  0 0 1 1 1 0 1 0 1 1
  1 1 0 1 1 1 1 0 1 1
  1 1 1 1 1 1 1 1 1 1
  0 1 0 1 1 0 1 1 1 0

Generation: 75

  0 0 0 1 1 1 0 0 0 0
  0 0 0 1 1 1 1 0 1 0
  0 0 1 1 1 1 1 1 1 1
  0 0 1 1 1 1 0 1 1 0
  1 1 1 0 0 0 1 1 1 0
  0 1 1 0 1 1 1 1 1 0
  1 1 1 1 1 0 1 1 1 0
  1 1 1 1 1 1 1 1 1 0
  1 1 1 1 1 1 1 1 1 1
  0 1 0 1 1 0 1 0 1 0

Generation: 76

  0 0 0 1 0 1 1 0 0 0
  0 0 1 1 0 1 1 1 0 1
  0 0 1 1 0 1 1 1 1 1
  0 1 1 1 1 1 1 1 1 1
  0 1 1 1 1 1 1 1 1 1
  0 1 1 1 0 1 1 0 1 1
  1 1 1 1 1 0 1 0 1 1
  0 0 0 0 1 1 1 0 1 1
  1 1 1 1 1 1 1 1 1 1
  0 1 0 1 1 0 1 0 1 0

Generation: 77

  0 0 1 0 1 1 1 1 0 0
  0 0 1 1 1 1 1 1 1 0
  0 1 1 1 1 1 0 1 1 1
  0 1 1 1 1 1 0 0 0 0
  1 1 0 1 1 1 1 1 1 0
  1 1 0 1 1 1 1 1 1 0
  0 1 1 1 1 1 1 1 1 0
  1 1 1 1 1 1 1 1 1 0
  0 0 1 1 1 1 1 1 1 1
  0 1 0 1 1 0 1 0 1 0

Generation: 78

  0 0 0 0 1 0 0 1 1 0
  0 1 1 1 1 1 1 1 1 1
  0 1 1 0 0 1 1 1 1 0
  1 1 1 1 0 1 1 1 1 1
  1 1 1 1 0 1 1 1 0 0
  1 1 1 1 0 0 0 0 1 1
  0 1 1 1 0 0 0 0 1 1
  0 1 1 0 0 0 0 0 1 1
  1 1 1 1 1 1 1 1 1 1
  0 0 1 1 1 0 1 0 1 0

Generation: 79

  0 0 1 1 1 1 1 1 1 0
  0 0 1 1 1 1 1 1 1 1
  1 1 1 1 1 1 0 0 1 0
  1 1 1 1 1 1 0 1 1 0
  0 0 0 1 1 0 1 1 1 1
  1 1 0 1 1 0 0 1 1 1
  1 1 1 1 0 0 0 0 1 0
  1 1 1 1 1 0 0 1 1 0
  0 1 1 1 1 1 0 1 1 1
  1 1 1 0 1 0 1 0 1 0

Generation: 80

  0 0 1 0 0 0 0 0 1 0
  0 1 1 0 0 1 1 1 1 1
  1 1 1 0 0 1 1 1 1 1
  1 1 1 1 1 1 1 1 1 1
  1 1 1 1 1 1 1 1 1 1
  1 1 1 1 1 0 0 1 1 1
  0 1 1 1 1 0 0 1 1 1
  1 1 0 1 1 0 0 1 1 1
  0 1 1 1 1 1 1 1 1 1
  1 1 1 0 1 1 0 1 1 0

Generation: 81

  0 1 0 0 0 0 1 1 1 0
  1 1 1 0 0 0 1 1 1 1
  1 1 1 1 1 1 0 0 0 0
  0 0 1 1 1 1 0 0 0 0
  0 0 0 0 1 1 1 1 0 0
  1 1 0 0 1 1 1 1 0 0
  0 1 1 1 1 0 0 1 0 0
  1 1 0 1 1 1 1 1 0 0
  0 1 1 1 1 1 1 1 1 1
  1 1 1 0 1 1 0 1 1 0

Generation: 82

  0 1 1 0 0 0 1 0 1 0
  1 1 1 1 0 1 1 1 1 0
  1 1 1 1 1 1 1 0 0 0
  0 1 1 1 1 1 1 0 0 0
  0 0 0 1 1 1 1 0 0 0
  0 0 1 1 1 1 1 1 0 0
  0 1 1 1 1 1 1 1 0 0
  1 1 0 1 1 1 1 1 1 0
  0 1 1 1 1 1 1 1 1 0
  1 1 1 0 1 1 0 1 1 0

Generation: 83

  0 1 1 1 0 1 1 0 0 1
  1 1 1 1 1 1 1 1 0 0
  1 1 0 1 1 1 1 1 0 0
  1 1 1 1 0 0 1 0 0 0
  0 0 1 1 0 0 1 1 0 0
  0 0 1 1 0 0 1 1 0 0
  1 1 1 1 0 0 0 1 1 0
  1 1 0 1 0 0 0 1 1 0
  0 1 1 1 1 1 1 1 1 1
  1 1 1 0 1 1 0 1 1 1

Generation: 84

  0 1 0 1 0 1 1 1 0 0
  1 1 1 1 1 1 1 1 0 0
  0 1 0 1 1 1 1 1 0 0
  1 1 1 1 1 1 1 1 0 0
  0 1 1 1 0 0 1 1 0 0
  0 1 1 1 0 0 1 1 1 0
  1 1 1 1 0 0 1 1 1 0
  1 1 0 1 1 0 1 1 1 1
  0 1 1 1 1 1 1 1 1 1
  1 1 1 0 1 1 0 1 0 0

Generation: 85

  0 1 0 1 0 1 0 1 0 0
  1 1 1 1 1 1 0 1 0 0
  0 1 0 1 0 0 0 1 0 0
  1 1 1 1 1 1 1 1 0 0
  1 1 0 1 1 1 1 1 1 0
  1 1 0 1 0 0 1 1 1 0
  1 1 1 1 1 1 1 0 1 1
  1 1 0 1 1 1 1 0 1 1
  0 1 1 1 1 1 1 1 1 1
  1 1 1 0 1 1 0 1 1 1

Generation: 86

  0 1 0 1 0 0 1 0 0 0
  1 1 1 1 1 0 1 0 0 0
  0 1 0 1 1 1 1 0 0 0
  1 1 1 1 1 1 1 1 1 0
  0 1 1 1 1 1 1 1 1 0
  0 1 1 1 1 1 1 1 1 1
  0 1 1 1 1 1 1 1 1 1
  1 1 0 1 0 0 1 1 1 0
  0 1 1 1 1 1 1 1 1 0
  1 1 1 0 1 1 0 1 0 0

Generation: 87

  0 1 0 1 1 1 0 0 0 0
  1 1 1 1 1 1 0 0 0 0
  0 1 0 1 1 1 1 1 0 0
  1 1 1 1 0 0 1 1 0 0
  1 1 0 0 0 0 0 0 1 1
  1 1 0 0 0 0 0 0 1 1
  1 1 1 1 1 1 1 0 1 1
  1 1 0 1 1 1 1 0 1 1
  0 1 1 1 1 1 1 1 1 0
  1 1 1 0 1 1 0 1 1 0

Generation: 88

  0 1 0 1 0 1 0 0 0 0
  1 1 1 1 0 1 1 0 0 0
  0 1 0 1 1 1 1 0 0 0
  1 1 1 0 1 1 1 1 1 0
  0 1 1 0 0 0 0 1 1 1
  0 1 1 0 0 0 0 1 1 0
  0 1 1 1 1 1 0 1 1 0
  1 1 0 1 0 0 1 1 1 1
  0 1 1 1 1 1 1 1 1 1
  1 1 1 0 1 1 0 1 1 1

Generation: 89

  0 1 0 0 1 0 1 0 0 0
  1 1 1 1 1 1 1 0 0 0
  0 1 1 1 1 1 1 1 0 0
  1 1 1 1 1 1 1 1 1 1
  1 1 1 1 0 0 1 1 1 1
  1 1 1 1 0 0 1 1 1 1
  1 1 1 1 0 0 1 1 1 1
  1 1 0 1 1 1 1 1 1 1
  0 1 1 1 1 1 1 1 0 0
  1 1 1 0 1 1 0 1 0 0

Generation: 90

  0 1 1 1 1 0 0 0 0 0
  1 1 1 1 1 1 1 1 0 0
  0 1 0 0 0 0 1 1 1 0
  1 1 0 1 1 1 1 1 1 1
  0 0 0 1 1 1 1 0 0 0
  0 0 0 1 0 0 1 0 0 0
  0 1 1 1 1 1 1 0 0 0
  1 1 0 1 1 1 1 1 1 1
  0 1 1 1 1 1 1 1 1 0
  1 1 1 0 1 1 0 0 0 0

Generation: 91

  0 1 0 0 1 1 1 0 0 0
  1 1 1 1 1 1 1 1 0 0
  0 1 1 1 1 1 1 1 1 1
  0 0 1 0 1 1 1 1 1 0
  0 0 1 1 1 1 1 1 0 0
  0 0 1 1 1 1 1 0 0 0
  1 0 1 1 1 1 1 1 0 0
  1 1 0 1 0 0 1 1 1 0
  0 1 1 1 1 1 1 1 1 1
  1 1 1 0 1 1 1 1 0 0

Generation: 92

  0 1 1 1 1 0 1 1 0 0
  1 1 1 1 1 0 1 1 1 0
  1 1 1 1 1 0 0 1 1 0
  0 1 1 0 1 0 0 1 1 1
  0 0 1 1 1 0 1 1 0 0
  0 1 1 0 0 0 1 1 0 0
  0 1 1 1 1 1 1 1 0 0
  1 1 1 1 1 1 1 1 1 1
  0 1 1 1 1 1 1 1 1 0
  1 1 1 0 1 0 0 1 1 1

Generation: 93

  0 1 0 0 1 1 1 1 1 0
  1 1 0 0 1 1 1 1 1 0
  1 1 1 1 1 1 1 1 1 1
  1 1 1 0 1 1 1 1 1 0
  0 1 1 1 0 1 1 1 1 0
  0 1 1 1 1 1 1 1 0 0
  1 1 1 1 1 1 1 1 1 0
  1 1 0 0 0 0 0 1 1 0
  0 1 1 1 1 1 1 1 1 0
  1 1 1 0 1 1 1 1 1 1

Generation: 94

  0 0 0 0 1 0 0 0 1 1
  1 1 1 1 1 0 0 0 1 1
  0 1 1 1 1 0 0 0 1 1
  1 1 1 1 1 1 0 0 1 1
  1 1 1 1 1 1 0 1 1 0
  1 1 0 1 1 1 0 1 1 0
  1 1 1 1 1 1 1 1 1 0
  1 1 1 1 1 1 1 1 1 1
  0 1 1 1 1 1 1 1 1 1
  1 1 1 0 1 0 0 0 1 1

Generation: 95

  1 1 1 1 0 0 0 0 1 0
  0 1 1 1 1 0 0 0 1 0
  0 1 0 0 1 1 0 0 1 0
  1 1 0 0 1 1 0 1 1 1
  0 1 1 1 0 1 1 1 1 1
  0 1 0 1 0 1 1 1 1 1
  0 1 1 1 0 1 1 1 1 1
  1 1 0 0 0 0 0 0 1 1
  0 1 1 1 1 1 1 1 1 0
  1 1 1 0 1 1 1 1 1 0

Generation: 96

  1 1 0 1 1 0 0 0 0 1
  1 1 1 1 1 0 0 0 0 1
  1 1 1 1 1 1 0 1 1 1
  1 1 1 1 1 1 1 1 1 1
  1 1 1 0 1 1 1 1 0 0
  1 1 0 1 1 1 0 0 0 0
  1 1 1 0 1 0 1 1 1 0
  1 1 1 1 1 1 1 1 1 1
  0 1 1 1 1 1 1 1 1 1
  1 1 1 0 1 0 0 0 1 1

Generation: 97

  0 1 0 1 1 0 0 0 0 0
  0 1 1 1 1 1 0 0 1 1
  0 0 0 0 1 1 1 1 1 1
  0 0 1 1 1 1 1 1 1 1
  0 1 1 1 1 1 1 1 1 0
  0 1 1 1 1 1 1 1 0 0
  0 1 1 1 1 1 1 1 1 1
  1 1 1 1 1 1 1 0 1 1
  0 1 1 1 1 1 1 1 1 0
  1 1 1 0 1 1 1 1 1 0

Generation: 98

  1 0 0 1 1 1 0 0 0 1
  0 0 1 1 1 1 1 1 1 1
  0 0 1 1 1 1 1 1 1 0
  0 0 1 1 1 0 0 0 1 1
  0 1 1 0 0 0 0 1 1 1
  1 1 0 0 0 0 0 1 1 1
  1 1 0 0 0 0 1 1 1 1
  1 1 0 0 0 0 1 0 1 1
  0 1 1 1 1 0 1 1 1 1
  1 1 1 0 1 0 0 0 1 1

Generation: 99

  0 0 1 1 0 1 1 1 1 1
  0 0 1 1 0 1 1 1 1 1
  0 0 1 0 1 1 1 1 1 0
  0 1 1 1 1 1 1 1 1 1
  1 1 1 1 0 0 0 1 1 0
  1 1 1 0 0 0 1 1 0 0
  0 1 0 0 0 0 0 1 1 0
  1 1 1 0 0 1 1 0 1 0
  0 1 1 1 0 1 0 1 1 0
  1 1 1 0 0 1 0 1 1 0

Generation: 100

  0 0 1 1 1 1 0 0 0 0
  0 0 1 1 1 1 0 0 1 1
  0 1 1 1 1 1 0 0 1 0
  1 1 1 1 1 1 1 1 1 1
  1 1 1 1 1 1 1 1 1 1
  1 1 1 0 0 0 0 1 1 0
  0 1 1 0 0 0 1 1 0 0
  1 1 1 0 0 0 1 1 1 1
  0 1 1 0 1 0 1 1 1 1
  1 1 1 1 1 0 1 1 1 1
